   0.0000000e+00   0.0000000e+00
   1.0340604e+01  -3.3333333e-01
   2.0618986e+01  -6.6666667e-01
   3.0835145e+01  -1.0000000e+00
   4.0989083e+01  -1.3333333e+00
   5.1080798e+01  -1.6666667e+00
   6.1110291e+01  -2.0000000e+00
   7.1077561e+01  -2.3333333e+00
   8.0982610e+01  -2.6666667e+00
   9.0825436e+01  -3.0000000e+00
   1.0060604e+02  -3.3333333e+00
   1.1032442e+02  -3.6666667e+00
   1.1998058e+02  -4.0000000e+00
   1.2957452e+02  -4.3333333e+00
   1.3910623e+02  -4.6666667e+00
   1.4857573e+02  -5.0000000e+00
   1.5798300e+02  -5.3333333e+00
   1.6732805e+02  -5.6666667e+00
   1.7661087e+02  -6.0000000e+00
   1.8583148e+02  -6.3333333e+00
   1.9498986e+02  -6.6666667e+00
   2.0408602e+02  -7.0000000e+00
   2.1311995e+02  -7.3333333e+00
   2.2209167e+02  -7.6666667e+00
   2.3100116e+02  -8.0000000e+00
   2.3984843e+02  -8.3333333e+00
   2.4863348e+02  -8.6666667e+00
   2.5735631e+02  -9.0000000e+00
   2.6601691e+02  -9.3333333e+00
   2.7461529e+02  -9.6666667e+00
   2.8315145e+02  -1.0000000e+01
   2.9162539e+02  -1.0333333e+01
   3.0003711e+02  -1.0666667e+01
   3.0838660e+02  -1.1000000e+01
   3.1667387e+02  -1.1333333e+01
   3.2489892e+02  -1.1666667e+01
   3.3306174e+02  -1.2000000e+01
   3.4116235e+02  -1.2333333e+01
   3.4920073e+02  -1.2666667e+01
   3.5717689e+02  -1.3000000e+01
   3.6509083e+02  -1.3333333e+01
   3.7294254e+02  -1.3666667e+01
   3.8073203e+02  -1.4000000e+01
   3.8845931e+02  -1.4333333e+01
   3.9612435e+02  -1.4666667e+01
   4.0372718e+02  -1.5000000e+01
   4.1126778e+02  -1.5333333e+01
   4.1874617e+02  -1.5666667e+01
   4.2616233e+02  -1.6000000e+01
   4.3351626e+02  -1.6333333e+01
   4.4080798e+02  -1.6666667e+01
   4.4803747e+02  -1.7000000e+01
   4.5520474e+02  -1.7333333e+01
   4.6230979e+02  -1.7666667e+01
   4.6935262e+02  -1.8000000e+01
   4.7633322e+02  -1.8333333e+01
   4.8325160e+02  -1.8666667e+01
   4.9010776e+02  -1.9000000e+01
   4.9690170e+02  -1.9333333e+01
   5.0363341e+02  -1.9666667e+01
   5.1030291e+02  -2.0000000e+01
   5.1691018e+02  -2.0333333e+01
   5.2345523e+02  -2.0666667e+01
   5.2993805e+02  -2.1000000e+01
   5.3635866e+02  -2.1333333e+01
   5.4271704e+02  -2.1666667e+01
   5.4901320e+02  -2.2000000e+01
   5.5524713e+02  -2.2333333e+01
   5.6141885e+02  -2.2666667e+01
   5.6752834e+02  -2.3000000e+01
   5.7357561e+02  -2.3333333e+01
   5.7956066e+02  -2.3666667e+01
   5.8548349e+02  -2.4000000e+01
   5.9134409e+02  -2.4333333e+01
   5.9714247e+02  -2.4666667e+01
   6.0287863e+02  -2.5000000e+01
   6.0855257e+02  -2.5333333e+01
   6.1416429e+02  -2.5666667e+01
   6.1971378e+02  -2.6000000e+01
   6.2520105e+02  -2.6333333e+01
   6.3062610e+02  -2.6666667e+01
   6.3598892e+02  -2.7000000e+01
   6.4128953e+02  -2.7333333e+01
   6.4652791e+02  -2.7666667e+01
   6.5170407e+02  -2.8000000e+01
   6.5681801e+02  -2.8333333e+01
   6.6186972e+02  -2.8666667e+01
   6.6685921e+02  -2.9000000e+01
   6.7178649e+02  -2.9333333e+01
   6.7665153e+02  -2.9666667e+01
   6.8145436e+02  -3.0000000e+01
   6.8619496e+02  -3.0333333e+01
   6.9087335e+02  -3.0666667e+01
   6.9548951e+02  -3.1000000e+01
   7.0004344e+02  -3.1333333e+01
   7.0453516e+02  -3.1666667e+01
   7.0896465e+02  -3.2000000e+01
   7.1333192e+02  -3.2333333e+01
   7.1763697e+02  -3.2666667e+01
   7.2187980e+02  -3.3000000e+01
   7.2606040e+02  -3.3333333e+01
   7.3017878e+02  -3.3666667e+01
   7.3423494e+02  -3.4000000e+01
   7.3822888e+02  -3.4333333e+01
   7.4216059e+02  -3.4666667e+01
   7.4603009e+02  -3.5000000e+01
   7.4949124e+02  -3.5333333e+01
   7.5266397e+02  -3.5666667e+01
   7.5583669e+02  -3.6000000e+01
   7.5900942e+02  -3.6333333e+01
   7.6218214e+02  -3.6666667e+01
   7.6535487e+02  -3.7000000e+01
   7.6852760e+02  -3.7333333e+01
   7.7170032e+02  -3.7666667e+01
   7.7487305e+02  -3.8000000e+01
   7.7804577e+02  -3.8333333e+01
   7.8121850e+02  -3.8666667e+01
   7.8439122e+02  -3.9000000e+01
   7.8756395e+02  -3.9333333e+01
   7.9073667e+02  -3.9666667e+01
   7.9390940e+02  -4.0000000e+01
   7.9708213e+02  -4.0333333e+01
   8.0025485e+02  -4.0666667e+01
   8.0342758e+02  -4.1000000e+01
   8.0660030e+02  -4.1333333e+01
   8.0977303e+02  -4.1666667e+01
   8.1294575e+02  -4.2000000e+01
   8.1611848e+02  -4.2333333e+01
   8.1929120e+02  -4.2666667e+01
   8.2246393e+02  -4.3000000e+01
   8.2563666e+02  -4.3333333e+01
   8.2880938e+02  -4.3666667e+01
   8.3198211e+02  -4.4000000e+01
   8.3515483e+02  -4.4333333e+01
   8.3832756e+02  -4.4666667e+01
   8.4150028e+02  -4.5000000e+01
   8.4467301e+02  -4.5333333e+01
   8.4784573e+02  -4.5666667e+01
   8.5101846e+02  -4.6000000e+01
   8.5419119e+02  -4.6333333e+01
   8.5736391e+02  -4.6666667e+01
   8.6053664e+02  -4.7000000e+01
   8.6370936e+02  -4.7333333e+01
   8.6688209e+02  -4.7666667e+01
   8.7005481e+02  -4.8000000e+01
   8.7322754e+02  -4.8333333e+01
   8.7640026e+02  -4.8666667e+01
   8.7957299e+02  -4.9000000e+01
   8.8274572e+02  -4.9333333e+01
   8.8591844e+02  -4.9666667e+01
   8.8909117e+02  -5.0000000e+01
   8.9226389e+02  -5.0333333e+01
   8.9543662e+02  -5.0666667e+01
   8.9860934e+02  -5.1000000e+01
   9.0178207e+02  -5.1333333e+01
   9.0495479e+02  -5.1666667e+01
   9.0812752e+02  -5.2000000e+01
   9.1130025e+02  -5.2333333e+01
   9.1447297e+02  -5.2666667e+01
   9.1764570e+02  -5.3000000e+01
   9.2081842e+02  -5.3333333e+01
   9.2399115e+02  -5.3666667e+01
   9.2716387e+02  -5.4000000e+01
   9.3033660e+02  -5.4333333e+01
   9.3350932e+02  -5.4666667e+01
   9.3668205e+02  -5.5000000e+01
   9.3985478e+02  -5.5333333e+01
   9.4302750e+02  -5.5666667e+01
   9.4620023e+02  -5.6000000e+01
   9.4937295e+02  -5.6333333e+01
   9.5254568e+02  -5.6666667e+01
   9.5571840e+02  -5.7000000e+01
   9.5889113e+02  -5.7333333e+01
   9.6206385e+02  -5.7666667e+01
   9.6523658e+02  -5.8000000e+01
   9.6840931e+02  -5.8333333e+01
   9.7158203e+02  -5.8666667e+01
   9.7475476e+02  -5.9000000e+01
   9.7792748e+02  -5.9333333e+01
   9.8110021e+02  -5.9666667e+01
   9.8427293e+02  -6.0000000e+01
   9.8744566e+02  -6.0333333e+01
   9.9061838e+02  -6.0666667e+01
   9.9379111e+02  -6.1000000e+01
   9.9696384e+02  -6.1333333e+01
   1.0001366e+03  -6.1666667e+01
   1.0033093e+03  -6.2000000e+01
   1.0064820e+03  -6.2333333e+01
   1.0096547e+03  -6.2666667e+01
   1.0128275e+03  -6.3000000e+01
   1.0160002e+03  -6.3333333e+01
   1.0191729e+03  -6.3666667e+01
   1.0223456e+03  -6.4000000e+01
   1.0255184e+03  -6.4333333e+01
   1.0286911e+03  -6.4666667e+01
   1.0318638e+03  -6.5000000e+01
   1.0350365e+03  -6.5333333e+01
   1.0382093e+03  -6.5666667e+01
   1.0413820e+03  -6.6000000e+01
   1.0445547e+03  -6.6333333e+01
   1.0477274e+03  -6.6666667e+01
   1.0509002e+03  -6.7000000e+01
   1.0540729e+03  -6.7333333e+01
   1.0572456e+03  -6.7666667e+01
   1.0604183e+03  -6.8000000e+01
   1.0635911e+03  -6.8333333e+01
   1.0667638e+03  -6.8666667e+01
   1.0699365e+03  -6.9000000e+01
   1.0731092e+03  -6.9333333e+01
   1.0762820e+03  -6.9666667e+01
   1.0794547e+03  -7.0000000e+01
   1.0826274e+03  -7.0333333e+01
   1.0858002e+03  -7.0666667e+01
   1.0889729e+03  -7.1000000e+01
   1.0921456e+03  -7.1333333e+01
   1.0953183e+03  -7.1666667e+01
   1.0984911e+03  -7.2000000e+01
   1.1016638e+03  -7.2333333e+01
   1.1048365e+03  -7.2666667e+01
   1.1080092e+03  -7.3000000e+01
   1.1111820e+03  -7.3333333e+01
   1.1143547e+03  -7.3666667e+01
   1.1175274e+03  -7.4000000e+01
   1.1207001e+03  -7.4333333e+01
   1.1238729e+03  -7.4666667e+01
   1.1270456e+03  -7.5000000e+01
   1.1302183e+03  -7.5333333e+01
   1.1333910e+03  -7.5666667e+01
   1.1365638e+03  -7.6000000e+01
   1.1397365e+03  -7.6333333e+01
   1.1429092e+03  -7.6666667e+01
   1.1460819e+03  -7.7000000e+01
   1.1492547e+03  -7.7333333e+01
   1.1524274e+03  -7.7666667e+01
   1.1556001e+03  -7.8000000e+01
   1.1587728e+03  -7.8333333e+01
   1.1619456e+03  -7.8666667e+01
   1.1651183e+03  -7.9000000e+01
   1.1682910e+03  -7.9333333e+01
   1.1714637e+03  -7.9666667e+01
   1.1746365e+03  -8.0000000e+01
   1.1778092e+03  -8.0333333e+01
   1.1809819e+03  -8.0666667e+01
   1.1841546e+03  -8.1000000e+01
   1.1873274e+03  -8.1333333e+01
   1.1905001e+03  -8.1666667e+01
   1.1936728e+03  -8.2000000e+01
   1.1968455e+03  -8.2333333e+01
   1.2000183e+03  -8.2666667e+01
   1.2031910e+03  -8.3000000e+01
   1.2063637e+03  -8.3333333e+01
   1.2095364e+03  -8.3666667e+01
   1.2127092e+03  -8.4000000e+01
   1.2158819e+03  -8.4333333e+01
   1.2190546e+03  -8.4666667e+01
   1.2222273e+03  -8.5000000e+01
   1.2254001e+03  -8.5333333e+01
   1.2285728e+03  -8.5666667e+01
   1.2317455e+03  -8.6000000e+01
   1.2349183e+03  -8.6333333e+01
   1.2380910e+03  -8.6666667e+01
   1.2412637e+03  -8.7000000e+01
   1.2444364e+03  -8.7333333e+01
   1.2476092e+03  -8.7666667e+01
   1.2507819e+03  -8.8000000e+01
   1.2539546e+03  -8.8333333e+01
   1.2571273e+03  -8.8666667e+01
   1.2603001e+03  -8.9000000e+01
   1.2634728e+03  -8.9333333e+01
   1.2666455e+03  -8.9666667e+01
   1.2698182e+03  -9.0000000e+01
   1.2729910e+03  -9.0333333e+01
   1.2761637e+03  -9.0666667e+01
   1.2793364e+03  -9.1000000e+01
   1.2825091e+03  -9.1333333e+01
   1.2856819e+03  -9.1666667e+01
   1.2888546e+03  -9.2000000e+01
   1.2920273e+03  -9.2333333e+01
   1.2952000e+03  -9.2666667e+01
   1.2983728e+03  -9.3000000e+01
   1.3015455e+03  -9.3333333e+01
   1.3047182e+03  -9.3666667e+01
   1.3078909e+03  -9.4000000e+01
   1.3110637e+03  -9.4333333e+01
   1.3142364e+03  -9.4666667e+01
   1.3174091e+03  -9.5000000e+01
   1.3205818e+03  -9.5333333e+01
   1.3237546e+03  -9.5666667e+01
   1.3269273e+03  -9.6000000e+01
   1.3301000e+03  -9.6333333e+01
   1.3332727e+03  -9.6666667e+01
   1.3364455e+03  -9.7000000e+01
   1.3396182e+03  -9.7333333e+01
   1.3427909e+03  -9.7666667e+01
   1.3459636e+03  -9.8000000e+01
   1.3491364e+03  -9.8333333e+01
   1.3523091e+03  -9.8666667e+01
   1.3554818e+03  -9.9000000e+01
   1.3586545e+03  -9.9333333e+01
   1.3618273e+03  -9.9666667e+01
   1.3650000e+03  -1.0000000e+02
