   0.0000000e+00   0.0000000e+00
   9.3641282e+00  -3.3333333e-01
   1.8666034e+01  -6.6666667e-01
   2.7905718e+01  -1.0000000e+00
   3.7083179e+01  -1.3333333e+00
   4.6198419e+01  -1.6666667e+00
   5.5251436e+01  -2.0000000e+00
   6.4242231e+01  -2.3333333e+00
   7.3170803e+01  -2.6666667e+00
   8.2037154e+01  -3.0000000e+00
   9.0841282e+01  -3.3333333e+00
   9.9583188e+01  -3.6666667e+00
   1.0826287e+02  -4.0000000e+00
   1.1688033e+02  -4.3333333e+00
   1.2543557e+02  -4.6666667e+00
   1.3392859e+02  -5.0000000e+00
   1.4235938e+02  -5.3333333e+00
   1.5072796e+02  -5.6666667e+00
   1.5903431e+02  -6.0000000e+00
   1.6727844e+02  -6.3333333e+00
   1.7546034e+02  -6.6666667e+00
   1.8358002e+02  -7.0000000e+00
   1.9163749e+02  -7.3333333e+00
   1.9963273e+02  -7.6666667e+00
   2.0756574e+02  -8.0000000e+00
   2.1543654e+02  -8.3333333e+00
   2.2324511e+02  -8.6666667e+00
   2.3099146e+02  -9.0000000e+00
   2.3867559e+02  -9.3333333e+00
   2.4629749e+02  -9.6666667e+00
   2.5385718e+02  -1.0000000e+01
   2.6135464e+02  -1.0333333e+01
   2.6878988e+02  -1.0666667e+01
   2.7616290e+02  -1.1000000e+01
   2.8347369e+02  -1.1333333e+01
   2.9072226e+02  -1.1666667e+01
   2.9790861e+02  -1.2000000e+01
   3.0503274e+02  -1.2333333e+01
   3.1209465e+02  -1.2666667e+01
   3.1909433e+02  -1.3000000e+01
   3.2603179e+02  -1.3333333e+01
   3.3290703e+02  -1.3666667e+01
   3.3972005e+02  -1.4000000e+01
   3.4647084e+02  -1.4333333e+01
   3.5315942e+02  -1.4666667e+01
   3.5978577e+02  -1.5000000e+01
   3.6634990e+02  -1.5333333e+01
   3.7285180e+02  -1.5666667e+01
   3.7929149e+02  -1.6000000e+01
   3.8566895e+02  -1.6333333e+01
   3.9198419e+02  -1.6666667e+01
   3.9823720e+02  -1.7000000e+01
   4.0442800e+02  -1.7333333e+01
   4.1055657e+02  -1.7666667e+01
   4.1662292e+02  -1.8000000e+01
   4.2262705e+02  -1.8333333e+01
   4.2856896e+02  -1.8666667e+01
   4.3444864e+02  -1.9000000e+01
   4.4026610e+02  -1.9333333e+01
   4.4602134e+02  -1.9666667e+01
   4.5171436e+02  -2.0000000e+01
   4.5734515e+02  -2.0333333e+01
   4.6291372e+02  -2.0666667e+01
   4.6842007e+02  -2.1000000e+01
   4.7386420e+02  -2.1333333e+01
   4.7924611e+02  -2.1666667e+01
   4.8456579e+02  -2.2000000e+01
   4.8982325e+02  -2.2333333e+01
   4.9501849e+02  -2.2666667e+01
   5.0015151e+02  -2.3000000e+01
   5.0522231e+02  -2.3333333e+01
   5.1023088e+02  -2.3666667e+01
   5.1517723e+02  -2.4000000e+01
   5.2006136e+02  -2.4333333e+01
   5.2488326e+02  -2.4666667e+01
   5.2964295e+02  -2.5000000e+01
   5.3474888e+02  -2.5333333e+01
   5.4031993e+02  -2.5666667e+01
   5.4586982e+02  -2.6000000e+01
   5.5139855e+02  -2.6333333e+01
   5.5690611e+02  -2.6666667e+01
   5.6239250e+02  -2.7000000e+01
   5.6785773e+02  -2.7333333e+01
   5.7330180e+02  -2.7666667e+01
   5.7872471e+02  -2.8000000e+01
   5.8412645e+02  -2.8333333e+01
   5.8950702e+02  -2.8666667e+01
   5.9486643e+02  -2.9000000e+01
   6.0020468e+02  -2.9333333e+01
   6.0552177e+02  -2.9666667e+01
   6.1081769e+02  -3.0000000e+01
   6.1609244e+02  -3.0333333e+01
   6.2134603e+02  -3.0666667e+01
   6.2657846e+02  -3.1000000e+01
   6.3178972e+02  -3.1333333e+01
   6.3697982e+02  -3.1666667e+01
   6.4214876e+02  -3.2000000e+01
   6.4729653e+02  -3.2333333e+01
   6.5242314e+02  -3.2666667e+01
   6.5752858e+02  -3.3000000e+01
   6.6261286e+02  -3.3333333e+01
   6.6767598e+02  -3.3666667e+01
   6.7271793e+02  -3.4000000e+01
   6.7773872e+02  -3.4333333e+01
   6.8273834e+02  -3.4666667e+01
   6.8771680e+02  -3.5000000e+01
   6.9179928e+02  -3.5333333e+01
   6.9526939e+02  -3.5666667e+01
   6.9873949e+02  -3.6000000e+01
   7.0220960e+02  -3.6333333e+01
   7.0567971e+02  -3.6666667e+01
   7.0914981e+02  -3.7000000e+01
   7.1261992e+02  -3.7333333e+01
   7.1609003e+02  -3.7666667e+01
   7.1956013e+02  -3.8000000e+01
   7.2303024e+02  -3.8333333e+01
   7.2650035e+02  -3.8666667e+01
   7.2997045e+02  -3.9000000e+01
   7.3344056e+02  -3.9333333e+01
   7.3691067e+02  -3.9666667e+01
   7.4038077e+02  -4.0000000e+01
   7.4385088e+02  -4.0333333e+01
   7.4732099e+02  -4.0666667e+01
   7.5079109e+02  -4.1000000e+01
   7.5426120e+02  -4.1333333e+01
   7.5773131e+02  -4.1666667e+01
   7.6120141e+02  -4.2000000e+01
   7.6467152e+02  -4.2333333e+01
   7.6814163e+02  -4.2666667e+01
   7.7161174e+02  -4.3000000e+01
   7.7508184e+02  -4.3333333e+01
   7.7855195e+02  -4.3666667e+01
   7.8202206e+02  -4.4000000e+01
   7.8549216e+02  -4.4333333e+01
   7.8896227e+02  -4.4666667e+01
   7.9243238e+02  -4.5000000e+01
   7.9590248e+02  -4.5333333e+01
   7.9937259e+02  -4.5666667e+01
   8.0284270e+02  -4.6000000e+01
   8.0631280e+02  -4.6333333e+01
   8.0978291e+02  -4.6666667e+01
   8.1325302e+02  -4.7000000e+01
   8.1672312e+02  -4.7333333e+01
   8.2019323e+02  -4.7666667e+01
   8.2366334e+02  -4.8000000e+01
   8.2713344e+02  -4.8333333e+01
   8.3060355e+02  -4.8666667e+01
   8.3407366e+02  -4.9000000e+01
   8.3754376e+02  -4.9333333e+01
   8.4101387e+02  -4.9666667e+01
   8.4448398e+02  -5.0000000e+01
   8.4795409e+02  -5.0333333e+01
   8.5142419e+02  -5.0666667e+01
   8.5489430e+02  -5.1000000e+01
   8.5836441e+02  -5.1333333e+01
   8.6183451e+02  -5.1666667e+01
   8.6530462e+02  -5.2000000e+01
   8.6877473e+02  -5.2333333e+01
   8.7224483e+02  -5.2666667e+01
   8.7571494e+02  -5.3000000e+01
   8.7918505e+02  -5.3333333e+01
   8.8265515e+02  -5.3666667e+01
   8.8612526e+02  -5.4000000e+01
   8.8959537e+02  -5.4333333e+01
   8.9306547e+02  -5.4666667e+01
   8.9653558e+02  -5.5000000e+01
   9.0000569e+02  -5.5333333e+01
   9.0347579e+02  -5.5666667e+01
   9.0694590e+02  -5.6000000e+01
   9.1041601e+02  -5.6333333e+01
   9.1388611e+02  -5.6666667e+01
   9.1735622e+02  -5.7000000e+01
   9.2082633e+02  -5.7333333e+01
   9.2429643e+02  -5.7666667e+01
   9.2776654e+02  -5.8000000e+01
   9.3123665e+02  -5.8333333e+01
   9.3470676e+02  -5.8666667e+01
   9.3817686e+02  -5.9000000e+01
   9.4164697e+02  -5.9333333e+01
   9.4511708e+02  -5.9666667e+01
   9.4858718e+02  -6.0000000e+01
   9.5205729e+02  -6.0333333e+01
   9.5552740e+02  -6.0666667e+01
   9.5899750e+02  -6.1000000e+01
   9.6246761e+02  -6.1333333e+01
   9.6593772e+02  -6.1666667e+01
   9.6940782e+02  -6.2000000e+01
   9.7287793e+02  -6.2333333e+01
   9.7634804e+02  -6.2666667e+01
   9.7981814e+02  -6.3000000e+01
   9.8328825e+02  -6.3333333e+01
   9.8675836e+02  -6.3666667e+01
   9.9022846e+02  -6.4000000e+01
   9.9369857e+02  -6.4333333e+01
   9.9716868e+02  -6.4666667e+01
   1.0006388e+03  -6.5000000e+01
   1.0041089e+03  -6.5333333e+01
   1.0075790e+03  -6.5666667e+01
   1.0110491e+03  -6.6000000e+01
   1.0145192e+03  -6.6333333e+01
   1.0179893e+03  -6.6666667e+01
   1.0214594e+03  -6.7000000e+01
   1.0249295e+03  -6.7333333e+01
   1.0283996e+03  -6.7666667e+01
   1.0318697e+03  -6.8000000e+01
   1.0353399e+03  -6.8333333e+01
   1.0388100e+03  -6.8666667e+01
   1.0422801e+03  -6.9000000e+01
   1.0457502e+03  -6.9333333e+01
   1.0492203e+03  -6.9666667e+01
   1.0526904e+03  -7.0000000e+01
   1.0561605e+03  -7.0333333e+01
   1.0596306e+03  -7.0666667e+01
   1.0631007e+03  -7.1000000e+01
   1.0665708e+03  -7.1333333e+01
   1.0700409e+03  -7.1666667e+01
   1.0735110e+03  -7.2000000e+01
   1.0769811e+03  -7.2333333e+01
   1.0804512e+03  -7.2666667e+01
   1.0839213e+03  -7.3000000e+01
   1.0873915e+03  -7.3333333e+01
   1.0908616e+03  -7.3666667e+01
   1.0943317e+03  -7.4000000e+01
   1.0978018e+03  -7.4333333e+01
   1.1012719e+03  -7.4666667e+01
   1.1047420e+03  -7.5000000e+01
   1.1082121e+03  -7.5333333e+01
   1.1116822e+03  -7.5666667e+01
   1.1151523e+03  -7.6000000e+01
   1.1186224e+03  -7.6333333e+01
   1.1220925e+03  -7.6666667e+01
   1.1255626e+03  -7.7000000e+01
   1.1290327e+03  -7.7333333e+01
   1.1325028e+03  -7.7666667e+01
   1.1359730e+03  -7.8000000e+01
   1.1394431e+03  -7.8333333e+01
   1.1429132e+03  -7.8666667e+01
   1.1463833e+03  -7.9000000e+01
   1.1498534e+03  -7.9333333e+01
   1.1533235e+03  -7.9666667e+01
   1.1567936e+03  -8.0000000e+01
   1.1602637e+03  -8.0333333e+01
   1.1637338e+03  -8.0666667e+01
   1.1672039e+03  -8.1000000e+01
   1.1706740e+03  -8.1333333e+01
   1.1741441e+03  -8.1666667e+01
   1.1776142e+03  -8.2000000e+01
   1.1810843e+03  -8.2333333e+01
   1.1845544e+03  -8.2666667e+01
   1.1880246e+03  -8.3000000e+01
   1.1914947e+03  -8.3333333e+01
   1.1949648e+03  -8.3666667e+01
   1.1984349e+03  -8.4000000e+01
   1.2019050e+03  -8.4333333e+01
   1.2053751e+03  -8.4666667e+01
   1.2088452e+03  -8.5000000e+01
   1.2123153e+03  -8.5333333e+01
   1.2157854e+03  -8.5666667e+01
   1.2192555e+03  -8.6000000e+01
   1.2227256e+03  -8.6333333e+01
   1.2261957e+03  -8.6666667e+01
   1.2296658e+03  -8.7000000e+01
   1.2331359e+03  -8.7333333e+01
   1.2366060e+03  -8.7666667e+01
   1.2400762e+03  -8.8000000e+01
   1.2435463e+03  -8.8333333e+01
   1.2470164e+03  -8.8666667e+01
   1.2504865e+03  -8.9000000e+01
   1.2539566e+03  -8.9333333e+01
   1.2574267e+03  -8.9666667e+01
   1.2608968e+03  -9.0000000e+01
   1.2643669e+03  -9.0333333e+01
   1.2678370e+03  -9.0666667e+01
   1.2713071e+03  -9.1000000e+01
   1.2747772e+03  -9.1333333e+01
   1.2782473e+03  -9.1666667e+01
   1.2817174e+03  -9.2000000e+01
   1.2851875e+03  -9.2333333e+01
   1.2886577e+03  -9.2666667e+01
   1.2921278e+03  -9.3000000e+01
   1.2955979e+03  -9.3333333e+01
   1.2990680e+03  -9.3666667e+01
   1.3025381e+03  -9.4000000e+01
   1.3060082e+03  -9.4333333e+01
   1.3094783e+03  -9.4666667e+01
   1.3129484e+03  -9.5000000e+01
   1.3164185e+03  -9.5333333e+01
   1.3198886e+03  -9.5666667e+01
   1.3233587e+03  -9.6000000e+01
   1.3268288e+03  -9.6333333e+01
   1.3302989e+03  -9.6666667e+01
   1.3337690e+03  -9.7000000e+01
   1.3372391e+03  -9.7333333e+01
   1.3407093e+03  -9.7666667e+01
   1.3441794e+03  -9.8000000e+01
   1.3476495e+03  -9.8333333e+01
   1.3511196e+03  -9.8666667e+01
   1.3545897e+03  -9.9000000e+01
   1.3580598e+03  -9.9333333e+01
   1.3615299e+03  -9.9666667e+01
   1.3650000e+03  -1.0000000e+02
