   0.0000000e+00   0.0000000e+00
   1.0302700e+01  -1.0000000e+00
   2.0050100e+01  -2.0000000e+00
   2.9242200e+01  -3.0000000e+00
   3.7879000e+01  -4.0000000e+00
   4.5960500e+01  -5.0000000e+00
   5.3486700e+01  -6.0000000e+00
   6.0457600e+01  -7.0000000e+00
   6.6873200e+01  -8.0000000e+00
   7.2733500e+01  -9.0000000e+00
   7.8038500e+01  -1.0000000e+01
   8.3738140e+01  -1.1000000e+01
   9.0800340e+01  -1.2000000e+01
   9.7800190e+01  -1.3000000e+01
   1.0473769e+02  -1.4000000e+01
   1.1161284e+02  -1.5000000e+01
   1.1842564e+02  -1.6000000e+01
   1.2517609e+02  -1.7000000e+01
   1.3186419e+02  -1.8000000e+01
   1.3848994e+02  -1.9000000e+01
   1.4505334e+02  -2.0000000e+01
   1.5155439e+02  -2.1000000e+01
   1.5799309e+02  -2.2000000e+01
   1.6436944e+02  -2.3000000e+01
   1.7068344e+02  -2.4000000e+01
   1.7693509e+02  -2.5000000e+01
   1.8312439e+02  -2.6000000e+01
   1.8925134e+02  -2.7000000e+01
   1.9531594e+02  -2.8000000e+01
   2.0131819e+02  -2.9000000e+01
   2.0725809e+02  -3.0000000e+01
   2.1313564e+02  -3.1000000e+01
   2.1895084e+02  -3.2000000e+01
   2.2470369e+02  -3.3000000e+01
   2.3039419e+02  -3.4000000e+01
   2.3602234e+02  -3.5000000e+01
   2.4119983e+02  -3.6000000e+01
   2.4603665e+02  -3.7000000e+01
   2.5087048e+02  -3.8000000e+01
   2.5570131e+02  -3.9000000e+01
   2.6052913e+02  -4.0000000e+01
   2.6535396e+02  -4.1000000e+01
   2.7017578e+02  -4.2000000e+01
   2.7499461e+02  -4.3000000e+01
   2.7981044e+02  -4.4000000e+01
   2.8462326e+02  -4.5000000e+01
   2.8943309e+02  -4.6000000e+01
   2.9423992e+02  -4.7000000e+01
   2.9904374e+02  -4.8000000e+01
   3.0384457e+02  -4.9000000e+01
   3.0864239e+02  -5.0000000e+01
   3.1343722e+02  -5.1000000e+01
   3.1822905e+02  -5.2000000e+01
   3.2301787e+02  -5.3000000e+01
   3.2780370e+02  -5.4000000e+01
   3.3258652e+02  -5.5000000e+01
   3.3736635e+02  -5.6000000e+01
   3.4214318e+02  -5.7000000e+01
   3.4691700e+02  -5.8000000e+01
   3.5168783e+02  -5.9000000e+01
   3.5645565e+02  -6.0000000e+01
   3.6122048e+02  -6.1000000e+01
   3.6598231e+02  -6.2000000e+01
   3.7074113e+02  -6.3000000e+01
   3.7549696e+02  -6.4000000e+01
   3.8024978e+02  -6.5000000e+01
   3.8499961e+02  -6.6000000e+01
   3.8974644e+02  -6.7000000e+01
   3.9449026e+02  -6.8000000e+01
   3.9923109e+02  -6.9000000e+01
   4.0396892e+02  -7.0000000e+01
   4.0870374e+02  -7.1000000e+01
   4.1343557e+02  -7.2000000e+01
   4.1816439e+02  -7.3000000e+01
   4.2289022e+02  -7.4000000e+01
   4.2761305e+02  -7.5000000e+01
   4.3233287e+02  -7.6000000e+01
   4.3704970e+02  -7.7000000e+01
   4.4176352e+02  -7.8000000e+01
   4.4647435e+02  -7.9000000e+01
   4.5118218e+02  -8.0000000e+01
   4.5588700e+02  -8.1000000e+01
   4.6058883e+02  -8.2000000e+01
   4.6528765e+02  -8.3000000e+01
   4.6998348e+02  -8.4000000e+01
   4.7467631e+02  -8.5000000e+01
   4.7936613e+02  -8.6000000e+01
   4.8405296e+02  -8.7000000e+01
   4.8873678e+02  -8.8000000e+01
   4.9341761e+02  -8.9000000e+01
   4.9809544e+02  -9.0000000e+01
   5.0277026e+02  -9.1000000e+01
   5.0744209e+02  -9.2000000e+01
   5.1211092e+02  -9.3000000e+01
   5.1677674e+02  -9.4000000e+01
   5.2143957e+02  -9.5000000e+01
   5.2609939e+02  -9.6000000e+01
   5.3075622e+02  -9.7000000e+01
   5.3541005e+02  -9.8000000e+01
   5.4006087e+02  -9.9000000e+01
   5.4470870e+02  -1.0000000e+02
   5.4935352e+02  -1.0100000e+02
   5.5399535e+02  -1.0200000e+02
   5.5863418e+02  -1.0300000e+02
   5.6327000e+02  -1.0400000e+02
   5.6790283e+02  -1.0500000e+02
   5.7253265e+02  -1.0600000e+02
   5.7715948e+02  -1.0700000e+02
   5.8178331e+02  -1.0800000e+02
   5.8640413e+02  -1.0900000e+02
   5.9102196e+02  -1.1000000e+02
   5.9563678e+02  -1.1100000e+02
   6.0024861e+02  -1.1200000e+02
   6.0485744e+02  -1.1300000e+02
   6.0946326e+02  -1.1400000e+02
   6.1406609e+02  -1.1500000e+02
   6.1866592e+02  -1.1600000e+02
   6.2326274e+02  -1.1700000e+02
   6.2785657e+02  -1.1800000e+02
   6.3244739e+02  -1.1900000e+02
   6.3703522e+02  -1.2000000e+02
   6.4162005e+02  -1.2100000e+02
   6.4620187e+02  -1.2200000e+02
   6.5078070e+02  -1.2300000e+02
   6.5535652e+02  -1.2400000e+02
   6.5992935e+02  -1.2500000e+02
   6.6449918e+02  -1.2600000e+02
   6.6906600e+02  -1.2700000e+02
   6.7362983e+02  -1.2800000e+02
   6.7819065e+02  -1.2900000e+02
   6.8274848e+02  -1.3000000e+02
   6.8730331e+02  -1.3100000e+02
   6.9185513e+02  -1.3200000e+02
   6.9640396e+02  -1.3300000e+02
   7.0094978e+02  -1.3400000e+02
   7.0549261e+02  -1.3500000e+02
   7.1003244e+02  -1.3600000e+02
   7.1456926e+02  -1.3700000e+02
   7.1910309e+02  -1.3800000e+02
   7.2363392e+02  -1.3900000e+02
   7.2816174e+02  -1.4000000e+02
   7.3268657e+02  -1.4100000e+02
   7.3720839e+02  -1.4200000e+02
   7.4172722e+02  -1.4300000e+02
   7.4624305e+02  -1.4400000e+02
   7.5075587e+02  -1.4500000e+02
   7.5526570e+02  -1.4600000e+02
   7.5977252e+02  -1.4700000e+02
   7.6427635e+02  -1.4800000e+02
   7.6877718e+02  -1.4900000e+02
   7.7327500e+02  -1.5000000e+02
   7.7776983e+02  -1.5100000e+02
   7.8226165e+02  -1.5200000e+02
   7.8675048e+02  -1.5300000e+02
   7.9123631e+02  -1.5400000e+02
   7.9571913e+02  -1.5500000e+02
   8.0019896e+02  -1.5600000e+02
   8.0467578e+02  -1.5700000e+02
   8.0914961e+02  -1.5800000e+02
   8.1362044e+02  -1.5900000e+02
   8.1808826e+02  -1.6000000e+02
   8.2255309e+02  -1.6100000e+02
   8.2701492e+02  -1.6200000e+02
   8.3147374e+02  -1.6300000e+02
   8.3592957e+02  -1.6400000e+02
   8.4038239e+02  -1.6500000e+02
   8.4483222e+02  -1.6600000e+02
   8.4927905e+02  -1.6700000e+02
   8.5372287e+02  -1.6800000e+02
   8.5816370e+02  -1.6900000e+02
   8.6260152e+02  -1.7000000e+02
   8.6703635e+02  -1.7100000e+02
   8.7146818e+02  -1.7200000e+02
   8.7589700e+02  -1.7300000e+02
   8.8032283e+02  -1.7400000e+02
   8.8474565e+02  -1.7500000e+02
   8.8916548e+02  -1.7600000e+02
   8.9358231e+02  -1.7700000e+02
   8.9799613e+02  -1.7800000e+02
   9.0240696e+02  -1.7900000e+02
   9.0681478e+02  -1.8000000e+02
   9.1121961e+02  -1.8100000e+02
   9.1562144e+02  -1.8200000e+02
   9.2002026e+02  -1.8300000e+02
   9.2441609e+02  -1.8400000e+02
   9.2880892e+02  -1.8500000e+02
   9.3319874e+02  -1.8600000e+02
   9.3758557e+02  -1.8700000e+02
   9.4196939e+02  -1.8800000e+02
   9.4635022e+02  -1.8900000e+02
   9.5072805e+02  -1.9000000e+02
   9.5510287e+02  -1.9100000e+02
   9.5947470e+02  -1.9200000e+02
   9.6384352e+02  -1.9300000e+02
   9.6820935e+02  -1.9400000e+02
   9.7257218e+02  -1.9500000e+02
   9.7693200e+02  -1.9600000e+02
   9.8128883e+02  -1.9700000e+02
   9.8564265e+02  -1.9800000e+02
   9.8999348e+02  -1.9900000e+02
   9.9434131e+02  -2.0000000e+02
