   0.0000000e+00   0.0000000e+00
   1.1750534e+01  -1.0000000e+00
   2.2945769e+01  -2.0000000e+00
   3.3585703e+01  -3.0000000e+00
   4.3670338e+01  -4.0000000e+00
   5.3199672e+01  -5.0000000e+00
   6.2173707e+01  -6.0000000e+00
   7.0592441e+01  -7.0000000e+00
   7.8455876e+01  -8.0000000e+00
   8.5764010e+01  -9.0000000e+00
   9.2516844e+01  -1.0000000e+01
   9.9953886e+01  -1.1000000e+01
   1.0918784e+02  -1.2000000e+01
   1.1835944e+02  -1.3000000e+01
   1.2746869e+02  -1.4000000e+01
   1.3651559e+02  -1.5000000e+01
   1.4550014e+02  -1.6000000e+01
   1.5442235e+02  -1.7000000e+01
   1.6328220e+02  -1.8000000e+01
   1.7207970e+02  -1.9000000e+01
   1.8081485e+02  -2.0000000e+01
   1.8948765e+02  -2.1000000e+01
   1.9809810e+02  -2.2000000e+01
   2.0664621e+02  -2.3000000e+01
   2.1513196e+02  -2.4000000e+01
   2.2355536e+02  -2.5000000e+01
   2.3191641e+02  -2.6000000e+01
   2.4021511e+02  -2.7000000e+01
   2.4845146e+02  -2.8000000e+01
   2.5662547e+02  -2.9000000e+01
   2.6473712e+02  -3.0000000e+01
   2.7278642e+02  -3.1000000e+01
   2.8077337e+02  -3.2000000e+01
   2.8869797e+02  -3.3000000e+01
   2.9656022e+02  -3.4000000e+01
   3.0436013e+02  -3.5000000e+01
   3.1155785e+02  -3.6000000e+01
   3.1828615e+02  -3.7000000e+01
   3.2501446e+02  -3.8000000e+01
   3.3174277e+02  -3.9000000e+01
   3.3847107e+02  -4.0000000e+01
   3.4519938e+02  -4.1000000e+01
   3.5192768e+02  -4.2000000e+01
   3.5865599e+02  -4.3000000e+01
   3.6538429e+02  -4.4000000e+01
   3.7211260e+02  -4.5000000e+01
   3.7884091e+02  -4.6000000e+01
   3.8556921e+02  -4.7000000e+01
   3.9229752e+02  -4.8000000e+01
   3.9902582e+02  -4.9000000e+01
   4.0575413e+02  -5.0000000e+01
   4.1248244e+02  -5.1000000e+01
   4.1921074e+02  -5.2000000e+01
   4.2593905e+02  -5.3000000e+01
   4.3266735e+02  -5.4000000e+01
   4.3939566e+02  -5.5000000e+01
   4.4612396e+02  -5.6000000e+01
   4.5285227e+02  -5.7000000e+01
   4.5958058e+02  -5.8000000e+01
   4.6630888e+02  -5.9000000e+01
   4.7303719e+02  -6.0000000e+01
   4.7976549e+02  -6.1000000e+01
   4.8649380e+02  -6.2000000e+01
   4.9322211e+02  -6.3000000e+01
   4.9995041e+02  -6.4000000e+01
   5.0667872e+02  -6.5000000e+01
   5.1340702e+02  -6.6000000e+01
   5.2013533e+02  -6.7000000e+01
   5.2686363e+02  -6.8000000e+01
   5.3359194e+02  -6.9000000e+01
   5.4032025e+02  -7.0000000e+01
   5.4704855e+02  -7.1000000e+01
   5.5377686e+02  -7.2000000e+01
   5.6050516e+02  -7.3000000e+01
   5.6723347e+02  -7.4000000e+01
   5.7396177e+02  -7.5000000e+01
   5.8069008e+02  -7.6000000e+01
   5.8741839e+02  -7.7000000e+01
   5.9414669e+02  -7.8000000e+01
   6.0087500e+02  -7.9000000e+01
   6.0760330e+02  -8.0000000e+01
   6.1433161e+02  -8.1000000e+01
   6.2105992e+02  -8.2000000e+01
   6.2778822e+02  -8.3000000e+01
   6.3451653e+02  -8.4000000e+01
   6.4124483e+02  -8.5000000e+01
   6.4797314e+02  -8.6000000e+01
   6.5470144e+02  -8.7000000e+01
   6.6142975e+02  -8.8000000e+01
   6.6815806e+02  -8.9000000e+01
   6.7488636e+02  -9.0000000e+01
   6.8161467e+02  -9.1000000e+01
   6.8834297e+02  -9.2000000e+01
   6.9507128e+02  -9.3000000e+01
   7.0179958e+02  -9.4000000e+01
   7.0852789e+02  -9.5000000e+01
   7.1525620e+02  -9.6000000e+01
   7.2198450e+02  -9.7000000e+01
   7.2871281e+02  -9.8000000e+01
   7.3544111e+02  -9.9000000e+01
   7.4216942e+02  -1.0000000e+02
   7.4889773e+02  -1.0100000e+02
   7.5562603e+02  -1.0200000e+02
   7.6235434e+02  -1.0300000e+02
   7.6908264e+02  -1.0400000e+02
   7.7581095e+02  -1.0500000e+02
   7.8253925e+02  -1.0600000e+02
   7.8926756e+02  -1.0700000e+02
   7.9599587e+02  -1.0800000e+02
   8.0272417e+02  -1.0900000e+02
   8.0945248e+02  -1.1000000e+02
   8.1618078e+02  -1.1100000e+02
   8.2290909e+02  -1.1200000e+02
   8.2963740e+02  -1.1300000e+02
   8.3636570e+02  -1.1400000e+02
   8.4309401e+02  -1.1500000e+02
   8.4982231e+02  -1.1600000e+02
   8.5655062e+02  -1.1700000e+02
   8.6327892e+02  -1.1800000e+02
   8.7000723e+02  -1.1900000e+02
   8.7673554e+02  -1.2000000e+02
   8.8346384e+02  -1.2100000e+02
   8.9019215e+02  -1.2200000e+02
   8.9692045e+02  -1.2300000e+02
   9.0364876e+02  -1.2400000e+02
   9.1037706e+02  -1.2500000e+02
   9.1710537e+02  -1.2600000e+02
   9.2383368e+02  -1.2700000e+02
   9.3056198e+02  -1.2800000e+02
   9.3729029e+02  -1.2900000e+02
   9.4401859e+02  -1.3000000e+02
   9.5074690e+02  -1.3100000e+02
   9.5747521e+02  -1.3200000e+02
   9.6420351e+02  -1.3300000e+02
   9.7093182e+02  -1.3400000e+02
   9.7766012e+02  -1.3500000e+02
   9.8438843e+02  -1.3600000e+02
   9.9111673e+02  -1.3700000e+02
   9.9784504e+02  -1.3800000e+02
   1.0045733e+03  -1.3900000e+02
   1.0113017e+03  -1.4000000e+02
   1.0180300e+03  -1.4100000e+02
   1.0247583e+03  -1.4200000e+02
   1.0314866e+03  -1.4300000e+02
   1.0382149e+03  -1.4400000e+02
   1.0449432e+03  -1.4500000e+02
   1.0516715e+03  -1.4600000e+02
   1.0583998e+03  -1.4700000e+02
   1.0651281e+03  -1.4800000e+02
   1.0718564e+03  -1.4900000e+02
   1.0785847e+03  -1.5000000e+02
   1.0853130e+03  -1.5100000e+02
   1.0920413e+03  -1.5200000e+02
   1.0987696e+03  -1.5300000e+02
   1.1054979e+03  -1.5400000e+02
   1.1122262e+03  -1.5500000e+02
   1.1189545e+03  -1.5600000e+02
   1.1256829e+03  -1.5700000e+02
   1.1324112e+03  -1.5800000e+02
   1.1391395e+03  -1.5900000e+02
   1.1458678e+03  -1.6000000e+02
   1.1525961e+03  -1.6100000e+02
   1.1593244e+03  -1.6200000e+02
   1.1660527e+03  -1.6300000e+02
   1.1727810e+03  -1.6400000e+02
   1.1795093e+03  -1.6500000e+02
   1.1862376e+03  -1.6600000e+02
   1.1929659e+03  -1.6700000e+02
   1.1996942e+03  -1.6800000e+02
   1.2064225e+03  -1.6900000e+02
   1.2131508e+03  -1.7000000e+02
   1.2198791e+03  -1.7100000e+02
   1.2266074e+03  -1.7200000e+02
   1.2333357e+03  -1.7300000e+02
   1.2400640e+03  -1.7400000e+02
   1.2467924e+03  -1.7500000e+02
   1.2535207e+03  -1.7600000e+02
   1.2602490e+03  -1.7700000e+02
   1.2669773e+03  -1.7800000e+02
   1.2737056e+03  -1.7900000e+02
   1.2804339e+03  -1.8000000e+02
   1.2871622e+03  -1.8100000e+02
   1.2938905e+03  -1.8200000e+02
   1.3006188e+03  -1.8300000e+02
   1.3073471e+03  -1.8400000e+02
   1.3140754e+03  -1.8500000e+02
   1.3208037e+03  -1.8600000e+02
   1.3275320e+03  -1.8700000e+02
   1.3342603e+03  -1.8800000e+02
   1.3409886e+03  -1.8900000e+02
   1.3477169e+03  -1.9000000e+02
   1.3544452e+03  -1.9100000e+02
   1.3611736e+03  -1.9200000e+02
   1.3679019e+03  -1.9300000e+02
   1.3746302e+03  -1.9400000e+02
   1.3813585e+03  -1.9500000e+02
   1.3880868e+03  -1.9600000e+02
   1.3948151e+03  -1.9700000e+02
   1.4015434e+03  -1.9800000e+02
   1.4082717e+03  -1.9900000e+02
   1.4150000e+03  -2.0000000e+02
